29
663
273
108
632
7
87
79
8
104
39
49
12
17
50
155
79
699
9
380
95
135
68
13
310
11
150
432
67
59
4
444
16
63
39
34
12
206
32
199
124
17
159
14
249
187
98
54
62
191
77
19
251
2
231
160
37
515
205
450
89
245
85
41
30
111
18
336
80
21
364
29
318
48
223
47
115
175
26
151
45
280
83
13
13
5
268
0
26
10
255
88
12
139
29
4
101
106
59
1179
5
156
11
16
8
120
68
5
0
101
5
11
52
11
53
35
0
1
10
16
33
23
37
77
137
117
292
17
87
2
13
19
32
45
17
31
1
17
1738
101
49
0
25
74
68
109
66
10
2
258
163
296
5
12
85
465
2
178
163
124
6
2
8
8
62
0
248
0
87
7
6
847
39
629
5
173
55
5
155
46
7
78
7
1367
2429
0
0
27
14
1
88
92
3
21
199
0
2138
162
116
643
8
102
725
262
19
47
9
6
131
96
8
31
48
58
63
245
636
471
402
72
184
36
21
4
1
55
142
2184
50
69
5
320
682
4
249
16
85
646
102
7
25
6
425
48
46
29
114
93
140
101
2
3
760
1
305
153
37
12
688
13
245
145
86
239
211
192
1071
223
20
115
144
41
173
225
35
48
133
12
17
1
28
14
102
118
60
1
112
4
20
203
4
31
37
10
96
10
29
27
27
428
90
2
34
4
52
704
8
17
731
54
144
136
266
26
361
249
71
32
1
111
98
101
78
17
12
8
10
16
68
20
45
311
113
37
22
264
102
25
107
348
76
129
485
1410
345
20
186
54
23
24
40
274
127
308
4
40
16
2
42
31
1479
2222
319
60
94
86
11
0
65
1499
134
238
96
50
49
92
123
162
16
73
94
113
47
2
718
124
40
800
27
74
6
21
5
26
20
341
22
73
688
30
71
35
151
291
40
940
746
34
359
148
72
69
530
5
308
255
128
10
30
11
838
18
10
897
361
0
157
453
45
219
50
0
34
73
0
9
1
23
105
16
8
49
67
10
12
20
14
268
112
12
97
35
131
188
44
39
5
75
117
124
12
83
358
96
27
648
311
106
1046
6
136
94
27
204
51
77
17
13
110
112
114
706
14
370
109
42
143
22
192
30
128
456
40
41
0
282
25
45
13
31
6
173
48
165
143
33
84
28
546
125
162
22
338
334
150
20
342
5
95
117
128
707
242
468
146
432
77
12
12
56
34
460
105
61
377
42
263
46
386
44
79
180
17
225
19
194
81
24
49
11
1450
3
27
26
282
125
32
96
40
1
52
129
163
2128
5
137
13
10
5
96
84
22
0
215
5
5
124
21
177
82
0
6
5
72
24
65
43
16
445
422
271
8
169
6
8
90
30
136
28
17
3
22
1651
108
90
0
24
380
188
65
55
9
10
404
316
246
11
9
34
275
4
21
182
196
11
2
8
26
97
0
166
0
132
13
13
533
20
912
17
169
163
13
290
91
9
29
8
1433
6986
0
0
44
7
13
38
50
7
27
305
0
4710
139
201
299
14
625
611
266
36
10
9
15
160
86
12
88
86
101
33
175
1763
429
249
38
145
99
7
4
4
168
108
1931
379
52
3
527
1270
4
192
5
80
688
246
13
13
225
1417
36
81
7
111
44
1107
68
2
7
2368
3
357
105
89
2
1028
9
298
186
53
142
290
117
569
121
22
176
100
84
275
193
74
82
366
15
38
1
8
11
121
61
54
3
223
3
32
130
7
45
22
39
215
12
17
80
35
270
172
3
71
7
150
430
5
7
746
37
235
202
309
40
149
995
74
30
9
96
60
49
59
9
13
0
15
53
125
36
58
567
128
37
34
144
113
27
614
303
74
141
228
1149
610
36
89
82
21
24
39
2052
154
235
7
228
39
7
54
19
1945
1728
562
499
148
90
32
4
55
3196
358
1584
136
84
134
190
41
184
29
90
45
172
29
1
695
170
68
581
50
207
2
28
11
30
9
374
13
33
798
116
91
145
99
195
34
1227
692
94
715
357
148
82
1511
16
605
330
22
4
16
35
568
22
28
1439
1648
0
160
383
21
380
33
0
25
136
4
13
4
10
108
25
38
18
48
9
7
24
31
337
68
29
61
62
330
485
58
30
6
67
69
105
43
49
264
98
10
631
163
72
520
1
71
52
7
134
24
17
6
7
75
123
70
1030
18
306
44
12
71
1
133
20
62
130
32
22
0
277
12
9
2
8
2
93
34
72
153
23
37
10
1515
71
127
7
107
152
36
4
203
13
15
37
31
347
139
238
64
208
45
4
15
69
40
303
104
19
412
27
446
29
74
17
41
124
17
82
5
117
20
14
316
9
1036
5
25
1
173
154
3
79
16
1
16
51
137
3806
3
157
4
5
6
14
27
17
0
270
5
3
31
3
86
31
0
3
1
23
3
18
18
1
206
476
100
9
36
1
2
46
25
109
6
7
0
0
974
23
40
0
30
1333
267
23
26
6
3
290
104
178
2
4
8
32
1
17
38
48
6
0
6
18
23
0
34
0
27
5
6
257
4
495
19
122
267
4
87
20
5
12
1
673
8744
0
0
24
1
8
24
23
0
11
65
0
3841
100
67
83
5
229
345
224
6
7
5
12
43
61
7
128
30
22
7
90
500
216
88
3
60
74
1
1
2
29
32
786
411
13
0
340
784
2
172
1
20
180
47
6
4
243
2586
11
2
1
57
25
6254
19
2
0
3254
9
194
45
14
1
553
1
120
101
20
27
83
42
140
33
5
224
15
76
136
60
25
54
292
4
16
0
3
2
30
35
17
1
95
1
5
41
9
12
23
6
77
6
13
47
10
106
56
0
79
0
90
177
1
5
601
16
149
187
405
10
23
614
334
17
6
21
25
34
20
2
7
0
1
18
64
50
29
669
104
14
8
16
36
16
203
82
50
103
59
510
330
12
26
41
7
5
11
1214
29
46
1
147
23
7
21
10
1860
770
311
1034
456
27
17
0
41
2243
203
10827
76
79
21
168
5
103
9
25
11
88
11
1
5581
54
45
299
36
115
0
11
2
12
9
344
12
13
1003
13
83
76
17
84
19
745
768
36
171
178
51
10
1363
2
391
172
20
3
3
10
290
3
16
1492
1547
0
89
140
5
233
11
0
6
46
3
7
3
3
37
8
31
22
32
3
6
7
10
187
50
17
49
9
142
216
19
14
1
46
95
88
6
59
291
39