155
120
293
144
124
105
278
234
131
330
131
210
174
63
196
254
174
239
96
207
175
179
235
93
159
126
179
208
96
277
74
148
93
285
194
127
144
262
246
206
152
93
116
99
267
166
121
93
278
199
164
96
120
197
183
89
239
263
125
209
128
156
131
146
97
174
136
358
214
129
211
279
146
89
105
188
224
313
289
187
47
147
256
146
181
171
86
144
94
136
121
208
174
173
121
95
201
109
111
201
151
208
225
108
67
122
90
133
119
83
108
82
93
167
77
369
91
77
76
97
97
113
166
103
102
112
159
170
149
144
87
83
108
170
107
129
113
70
329
125
178
197
166
92
366
91
159
101
76
260
189
150
169
78
104
155
92
187
78
79
127
74
123
90
116
72
93
138
157
62
62
139
142
133
79
184
144
84
86
173
151
189
213
172
223
72
96
114
92
133
273
84
60
74
150
92
71
169
165
372
186
138
177
262
316
82
98
211
133
194
316
188
78
144
215
220
259
104
332
276
172
116
91
108
193
94
178
256
103
137
58
177
100
135
151
78
214
175
175
137
3
264
99
194
99
88
239
113
361
67
225
245
97
118
298
175
85
272
192
99
105
254
170
258
151
130
112
136
195
76
181
144
149
105
126
209
142
160
144
81
122
171
186
274
96
151
127
8
171
241
130
464
239
114
131
155
118
118
190
147
88
51
214
168
253
104
189
121
369
213
179
209
201
136
186
114
152
109
185
165
136
353
238
183
154
105
90
155
153
178
170
300
337
243
322
154
189
246
153
207
108
329
215
186
207
86
82
90
122
94
120
84
101
191
109
87
102
113
89
163
245
364
192
215
317
100
181
104
184
241
197
93
172
121
168
186
141
123
101
185
210
97
64
150
211
149
422
311
212
166
253
95
78
163
168
115
107
93
172
125
178
214
172
227
114
389
148
117
228
137
342
280
88
132
163
161
111
132
119
83
179
110
89
75
148
96
98
126
120
107
69
98
93
115
117
92
129
194
211
84
90
68
95
61
167
114
190
146
127
144
69
80
60
108
118
77
116
93
145
78
154
114
115
78
210
170
427
177
178
101
310
248
192
453
173
232
196
90
259
290
254
335
119
338
208
258
259
134
208
122
267
295
109
348
104
216
116
407
273
184
194
325
315
221
189
112
141
125
288
242
154
128
366
271
199
145
173
285
185
108
295
373
206
254
169
181
177
173
118
225
171
431
274
167
211
286
188
133
133
281
296
418
470
248
80
266
282
206
234
255
177
306
159
210
231
322
248
257
223
112
335
174
133
277
213
260
309
205
103
175
193
166
176
100
150
112
116
210
165
488
124
129
128
128
146
175
231
172
166
179
228
205
257
232
179
104
147
237
113
217
158
117
345
188
272
319
253
111
448
97
265
193
89
481
245
204
209
132
139
240
169
291
126
156
143
126
167
143
171
87
170
205
215
87
89
252
283
167
167
297
125
123
169
304
253
245
284
267
290
79
175
184
126
170
321
81
125
127
189
187
79
259
238
428
174
232
230
318
472
74
106
247
191
308
409
244
109
229
242
234
374
185
458
461
282
225
159
160
230
150
255
279
215
160
150
272
134
236
210
143
305
298
243
176
2
364
107
265
131
125
296
197
533
130
299
270
118
125
424
242
97
419
210
148
149
308
270
372
253
174
155
179
234
123
219
266
261
136
217
342
199
275
203
108
212
192
256
336
160
177
231
13
219
238
177
593
386
166
173
242
163
118
307
187
136
80
297
176
414
144
270
137
480
351
197
369
235
350
326
128
186
128
212
259
239
424
250
314
183
116
83
183
277
270
228
372
484
359
432
188
254
348
332
314
162
413
334
280
251
122
161
189
148
156
206
172
163
279
155
163
144
161
112
284
409
466
277
337
316
144
262
209
218
352
351
98
284
175
255
232
209
181
183
182
346
167
130
227
309
224
571
412
325
205
406
156
167
248
213
120
134
146
178
203
219
286
163
348
169
620
240
124
347
177
416
347
108
204
234
151
122
170
122
106
261
116
128
86
208
82
107
148
104
128
84
111
124
206
129
100
261
260
234
125
114
77
134
97
192
164
236
180
170
199
85
90
94
149
154
93
190
108
172
91
197
144
149
86
238
232
382
228
129
149
537
307
209
615
171
371
312
91
391
299
138
443
221
190
314
173
412
152
299
236
341
215
135
353
97
151
159
542
168
200
122
524
344
348
251
138
154
146
297
228
155
93
281
146
106
85
107
198
152
79
232
289
144
219
107
160
113
117
131
250
207
493
299
219
362
627
284
59
194
276
365
554
393
278
19
100
382
285
351
177
109
177
76
161
127
267
429
232
137
34
205
146
23
239
144
322
226
59
40
84
46
132
86
62
63
61
64
103
49
631
58
59
123
61
115
56
282
112
41
78
342
84
113
96
84
194
105
103
47
109
68
55
267
91
246
179
126
157
413
154
148
85
35
395
373
159
188
98
132
99
58
167
70
69
130
71
115
73
89
12
91
60
84
31
38
150
179
61
47
119
36
87
54
209
173
260
464
219
163
23
45
73
74
65
510
206
29
31
186
65
57
315
195
831
337
97
304
421
396
23
27
343
89
273
604
326
40
185
339
351
202
133
647
567
202
112
80
76
120
122
125
393
93
39
74
260
50
95
97
70
218
329
495
277
3
596
259
446
290
201
547
142
658
64
198
354
36
166
348
445
31
463
220
134
262
404
191
282
225
162
321
246
519
57
299
331
142
95
129
152
62
206
61
51
232
141
222
512
52
433
298
35
336
349
290
1147
727
200
376
173
69
217
265
124
54
17
175
394
421
38
224
192
962
371
139
471
414
159
193
34
38
22
54
215
81
637
359
122
296
39
33
55
78
141
144
626
577
96
329
220
73
238
211
154
98
334
153
110
418
30
80
77
175
62
57
100
141
158
122
71
51
76
32
98
502
554
559
483
502
57
248
92
307
341
197
40
91
189
255
292
111
338
172
485
225
55
41
288
436
140
949
899
366
107
339
76
72
223
162
271
24
66
73
59
187
465
448
474
164
645
135
185
120
80
819
515
71
226
81
340
224
283
168
81
350
282
68
52
150
24
74
46
25
46
156
42
67
88
38
177
179
161
188
57
83
56
118
87
190
167
241
213
106
180
91
91
82
101
105
70
113
117
185
129
145
108
82
54